Spectrum Name:	
Description:	
Student ID:	
Detector Used:	
Comments:	
Acquisition Mode:	PHA
High Voltage:	700
Conversion Gain:	1024
Course Gain:	4
Fine Gain:	1.3
ULD:	99.9%
LLD:	2.9%
Calibration Coefficients:	5.73742	0.0973747	7.0843e-05
Channels used to calibrate:	186	591	767
Energies used to calibrate:	26.3	88.03	122.1
Real Time Elapsed:	1492.33
Live Time Elapsed:	1442.88
Start Time:	12/04/2021 14:31:51
Stop Time:	12/04/2021 14:56:42

ROIs:
Number	Low	High	Gross	Net	FWHM	Centroid

Data:
0	0
1	0
2	0
3	0
4	0
5	0
6	0
7	0
8	0
9	0
10	0
11	0
12	0
13	0
14	0
15	0
16	0
17	0
18	0
19	0
20	0
21	0
22	0
23	0
24	0
25	0
26	0
27	0
28	0
29	0
30	0
31	0
32	0
33	0
34	170
35	367
36	425
37	352
38	398
39	365
40	417
41	391
42	420
43	435
44	414
45	410
46	440
47	467
48	454
49	453
50	464
51	446
52	477
53	462
54	457
55	478
56	485
57	509
58	481
59	497
60	506
61	526
62	483
63	491
64	511
65	533
66	573
67	573
68	536
69	528
70	599
71	561
72	542
73	618
74	633
75	626
76	651
77	657
78	734
79	691
80	760
81	744
82	838
83	803
84	841
85	857
86	942
87	946
88	1037
89	1029
90	1114
91	1163
92	1248
93	1284
94	1398
95	1437
96	1582
97	1577
98	1812
99	1781
100	1880
101	1993
102	2119
103	2214
104	2378
105	2605
106	2743
107	2940
108	3017
109	3146
110	3463
111	3453
112	3817
113	3969
114	4245
115	4342
116	4685
117	5088
118	5286
119	5651
120	5977
121	6142
122	6753
123	6790
124	7450
125	7802
126	8333
127	8416
128	9159
129	9617
130	10436
131	10545
132	11279
133	11877
134	12529
135	12814
136	13313
137	13682
138	14618
139	15079
140	15475
141	16004
142	16641
143	16767
144	17408
145	17747
146	18571
147	18626
148	18813
149	19255
150	19574
151	19643
152	19897
153	20236
154	20251
155	20215
156	20137
157	20271
158	20172
159	20243
160	20049
161	19680
162	19941
163	19166
164	19267
165	19239
166	18786
167	18437
168	18157
169	18234
170	17942
171	17530
172	17378
173	16753
174	16507
175	16266
176	15996
177	15630
178	15731
179	15275
180	15110
181	14757
182	14677
183	14196
184	14169
185	13913
186	13756
187	13367
188	13439
189	13316
190	13175
191	12906
192	12940
193	12626
194	12945
195	12414
196	12560
197	12425
198	12401
199	12202
200	12222
201	12190
202	12025
203	11732
204	11630
205	11687
206	11717
207	11394
208	11503
209	11399
210	11171
211	10861
212	10656
213	10664
214	10604
215	10129
216	10216
217	9935
218	9699
219	9234
220	9246
221	8961
222	8620
223	8439
224	8092
225	7876
226	7661
227	7221
228	7110
229	6773
230	6650
231	6300
232	5948
233	5811
234	5671
235	5201
236	5040
237	4833
238	4488
239	4200
240	4082
241	3845
242	3686
243	3508
244	3308
245	3109
246	2958
247	2732
248	2671
249	2527
250	2306
251	2276
252	2212
253	1983
254	1931
255	1779
256	1785
257	1651
258	1584
259	1536
260	1494
261	1467
262	1425
263	1360
264	1336
265	1400
266	1294
267	1309
268	1281
269	1224
270	1420
271	1359
272	1334
273	1362
274	1448
275	1423
276	1469
277	1509
278	1550
279	1676
280	1691
281	1829
282	1836
283	1892
284	2086
285	2090
286	2121
287	2288
288	2469
289	2530
290	2617
291	2666
292	2885
293	2989
294	3168
295	3222
296	3348
297	3473
298	3720
299	3863
300	4096
301	4128
302	4392
303	4483
304	4745
305	4974
306	5106
307	5365
308	5575
309	5769
310	6082
311	6219
312	6549
313	6648
314	7172
315	7351
316	7459
317	7848
318	8060
319	8201
320	8716
321	8876
322	9284
323	9375
324	9695
325	10073
326	10493
327	10736
328	11022
329	11317
330	11683
331	11910
332	12482
333	12524
334	13140
335	13363
336	13702
337	14199
338	14646
339	14778
340	15283
341	15548
342	16324
343	16311
344	16945
345	17460
346	18082
347	18110
348	18643
349	19235
350	19917
351	20147
352	20912
353	21415
354	22352
355	22316
356	23298
357	23930
358	24873
359	24943
360	25996
361	26360
362	27563
363	27937
364	28880
365	29593
366	30886
367	31251
368	32151
369	32539
370	34214
371	34056
372	35733
373	36279
374	37892
375	38532
376	39506
377	39953
378	41796
379	41862
380	42892
381	43906
382	45366
383	45374
384	47223
385	47442
386	49352
387	49088
388	50731
389	51129
390	51961
391	52153
392	53601
393	53943
394	55414
395	55039
396	55781
397	56228
398	57081
399	56609
400	57301
401	57823
402	58525
403	57317
404	57757
405	57895
406	58265
407	57270
408	57336
409	57108
410	56995
411	56598
412	55900
413	55499
414	55094
415	53967
416	54122
417	52680
418	53204
419	50823
420	50889
421	49826
422	48697
423	47150
424	46726
425	45497
426	44682
427	42897
428	42481
429	41177
430	40042
431	38752
432	37507
433	36228
434	35170
435	33195
436	32779
437	31540
438	30707
439	28821
440	28023
441	26535
442	26145
443	24326
444	23269
445	21987
446	21590
447	19997
448	19276
449	18231
450	17591
451	16225
452	15539
453	14780
454	14139
455	12897
456	12298
457	11911
458	11123
459	10219
460	9687
461	9234
462	8735
463	7898
464	7430
465	7084
466	6636
467	6104
468	5653
469	5398
470	5004
471	4681
472	4335
473	3977
474	3764
475	3380
476	3103
477	2958
478	2823
479	2472
480	2313
481	2143
482	2012
483	1766
484	1639
485	1636
486	1478
487	1337
488	1243
489	1135
490	1054
491	1005
492	904
493	836
494	811
495	738
496	701
497	663
498	609
499	501
500	538
501	499
502	502
503	397
504	402
505	351
506	392
507	351
508	324
509	317
510	323
511	285
512	264
513	260
514	251
515	276
516	249
517	225
518	223
519	197
520	189
521	220
522	199
523	223
524	167
525	200
526	217
527	164
528	190
529	201
530	186
531	169
532	175
533	193
534	186
535	188
536	176
537	194
538	203
539	168
540	190
541	198
542	171
543	180
544	183
545	154
546	187
547	189
548	169
549	201
550	179
551	170
552	170
553	195
554	182
555	152
556	167
557	191
558	163
559	188
560	183
561	201
562	176
563	176
564	175
565	174
566	201
567	157
568	176
569	177
570	178
571	186
572	183
573	187
574	206
575	168
576	180
577	177
578	163
579	199
580	173
581	182
582	168
583	208
584	181
585	169
586	175
587	180
588	187
589	188
590	165
591	181
592	184
593	149
594	189
595	189
596	173
597	183
598	202
599	177
600	212
601	192
602	204
603	199
604	172
605	197
606	189
607	196
608	165
609	198
610	213
611	183
612	206
613	193
614	195
615	197
616	224
617	212
618	219
619	202
620	199
621	200
622	185
623	194
624	228
625	202
626	203
627	235
628	208
629	220
630	217
631	234
632	228
633	208
634	238
635	221
636	230
637	216
638	216
639	226
640	216
641	223
642	262
643	204
644	215
645	238
646	245
647	233
648	239
649	244
650	233
651	226
652	214
653	231
654	218
655	242
656	250
657	230
658	228
659	241
660	234
661	242
662	191
663	211
664	206
665	246
666	233
667	217
668	257
669	190
670	206
671	200
672	187
673	222
674	209
675	206
676	217
677	223
678	215
679	181
680	189
681	208
682	196
683	204
684	183
685	196
686	184
687	185
688	180
689	163
690	201
691	165
692	163
693	170
694	189
695	172
696	176
697	151
698	158
699	175
700	175
701	179
702	148
703	159
704	167
705	153
706	160
707	136
708	148
709	144
710	148
711	153
712	148
713	123
714	161
715	167
716	147
717	142
718	153
719	143
720	122
721	132
722	148
723	141
724	153
725	153
726	146
727	126
728	124
729	148
730	137
731	128
732	112
733	133
734	163
735	109
736	158
737	140
738	122
739	126
740	128
741	149
742	129
743	143
744	150
745	157
746	124
747	128
748	141
749	124
750	123
751	135
752	128
753	145
754	133
755	122
756	157
757	137
758	140
759	131
760	103
761	121
762	114
763	130
764	142
765	131
766	138
767	137
768	130
769	131
770	132
771	132
772	129
773	123
774	149
775	132
776	112
777	122
778	143
779	140
780	139
781	130
782	147
783	134
784	146
785	109
786	137
787	118
788	109
789	126
790	110
791	118
792	130
793	105
794	117
795	120
796	113
797	118
798	117
799	123
800	137
801	123
802	106
803	113
804	108
805	113
806	110
807	100
808	112
809	117
810	101
811	134
812	99
813	105
814	102
815	104
816	107
817	77
818	102
819	101
820	107
821	91
822	92
823	102
824	102
825	83
826	80
827	95
828	89
829	75
830	83
831	76
832	96
833	87
834	69
835	80
836	77
837	69
838	65
839	70
840	58
841	64
842	73
843	72
844	60
845	86
846	70
847	68
848	81
849	60
850	55
851	50
852	64
853	59
854	78
855	63
856	61
857	67
858	45
859	45
860	45
861	54
862	56
863	48
864	42
865	34
866	55
867	44
868	42
869	36
870	37
871	43
872	44
873	37
874	34
875	62
876	37
877	35
878	47
879	37
880	36
881	39
882	36
883	32
884	30
885	36
886	36
887	31
888	33
889	36
890	27
891	47
892	33
893	31
894	36
895	42
896	36
897	26
898	26
899	36
900	28
901	35
902	30
903	26
904	37
905	21
906	29
907	34
908	28
909	20
910	31
911	36
912	34
913	33
914	28
915	29
916	27
917	25
918	25
919	37
920	24
921	28
922	30
923	16
924	30
925	24
926	28
927	36
928	26
929	20
930	21
931	29
932	23
933	23
934	26
935	32
936	37
937	29
938	24
939	33
940	32
941	34
942	36
943	26
944	30
945	17
946	33
947	20
948	38
949	35
950	25
951	22
952	24
953	28
954	22
955	19
956	26
957	32
958	31
959	26
960	21
961	21
962	27
963	21
964	29
965	28
966	19
967	30
968	28
969	22
970	22
971	19
972	30
973	33
974	35
975	33
976	29
977	19
978	29
979	30
980	29
981	24
982	21
983	28
984	29
985	27
986	21
987	31
988	25
989	21
990	25
991	30
992	25
993	27
994	28
995	38
996	33
997	22
998	30
999	26
1000	22
1001	22
1002	30
1003	28
1004	31
1005	21
1006	22
1007	24
1008	26
1009	29
1010	28
1011	33
1012	14
1013	0
1014	0
1015	0
1016	0
1017	0
1018	0
1019	0
1020	0
1021	0
1022	0
1023	0
