Spectrum Name:	
Description:	
Student ID:	
Detector Used:	
Comments:	
Acquisition Mode:	PHA
High Voltage:	700
Conversion Gain:	1024
Course Gain:	4
Fine Gain:	1.3
ULD:	99.9%
LLD:	2.9%
Calibration Coefficients:	5.73742	0.0973747	7.0843e-05
Channels used to calibrate:	186	591	767
Energies used to calibrate:	26.3	88.03	122.1
Real Time Elapsed:	260.87
Live Time Elapsed:	254.76
Start Time:	12/04/2021 15:24:09
Stop Time:	12/04/2021 15:28:29

ROIs:
Number	Low	High	Gross	Net	FWHM	Centroid

Data:
0	0
1	0
2	0
3	0
4	0
5	0
6	0
7	0
8	0
9	0
10	0
11	0
12	0
13	0
14	0
15	0
16	0
17	0
18	0
19	0
20	0
21	0
22	0
23	0
24	0
25	0
26	0
27	0
28	0
29	0
30	0
31	0
32	0
33	0
34	309
35	595
36	634
37	587
38	597
39	528
40	519
41	499
42	508
43	449
44	453
45	450
46	425
47	384
48	334
49	319
50	296
51	259
52	276
53	231
54	220
55	185
56	188
57	150
58	170
59	146
60	142
61	128
62	135
63	116
64	115
65	107
66	109
67	101
68	105
69	105
70	106
71	87
72	93
73	82
74	89
75	98
76	87
77	89
78	105
79	86
80	98
81	86
82	87
83	93
84	91
85	83
86	96
87	89
88	83
89	81
90	93
91	110
92	83
93	81
94	83
95	79
96	77
97	83
98	93
99	88
100	95
101	72
102	90
103	92
104	95
105	87
106	96
107	98
108	102
109	71
110	73
111	103
112	98
113	106
114	94
115	84
116	84
117	109
118	103
119	94
120	96
121	90
122	91
123	84
124	92
125	108
126	93
127	92
128	91
129	121
130	116
131	109
132	117
133	104
134	95
135	114
136	124
137	119
138	127
139	135
140	140
141	117
142	146
143	174
144	158
145	183
146	183
147	232
148	254
149	230
150	242
151	286
152	301
153	359
154	390
155	414
156	449
157	488
158	491
159	572
160	635
161	708
162	758
163	772
164	889
165	1021
166	1111
167	1162
168	1312
169	1465
170	1535
171	1591
172	1796
173	1848
174	2114
175	2290
176	2361
177	2529
178	2785
179	2920
180	3080
181	3333
182	3518
183	3707
184	3994
185	4103
186	4415
187	4467
188	4779
189	4985
190	5266
191	5418
192	5687
193	5877
194	6209
195	5954
196	6396
197	6480
198	6748
199	6886
200	6945
201	6891
202	7104
203	7119
204	7293
205	7017
206	7302
207	7254
208	7435
209	7239
210	7246
211	7138
212	7301
213	7194
214	7036
215	6796
216	6798
217	6700
218	6603
219	6247
220	6248
221	5969
222	5902
223	5726
224	5620
225	5279
226	5266
227	5072
228	4836
229	4605
230	4535
231	4253
232	4128
233	3897
234	3752
235	3447
236	3380
237	3323
238	3342
239	3053
240	2793
241	2677
242	2742
243	2457
244	2318
245	2218
246	2069
247	1956
248	1851
249	1774
250	1668
251	1644
252	1500
253	1405
254	1336
255	1261
256	1178
257	1103
258	1079
259	975
260	989
261	906
262	863
263	812
264	711
265	692
266	665
267	648
268	588
269	596
270	542
271	482
272	496
273	432
274	419
275	387
276	372
277	346
278	332
279	304
280	326
281	298
282	294
283	249
284	266
285	263
286	232
287	225
288	246
289	220
290	200
291	205
292	201
293	207
294	201
295	213
296	183
297	186
298	187
299	197
300	207
301	221
302	217
303	166
304	181
305	195
306	186
307	187
308	204
309	188
310	209
311	227
312	239
313	226
314	215
315	207
316	221
317	226
318	227
319	227
320	238
321	240
322	254
323	233
324	250
325	232
326	288
327	237
328	256
329	259
330	286
331	273
332	278
333	274
334	258
335	273
336	281
337	278
338	318
339	253
340	289
341	312
342	323
343	275
344	318
345	286
346	331
347	297
348	311
349	285
350	306
351	279
352	313
353	296
354	315
355	305
356	300
357	284
358	332
359	298
360	281
361	306
362	302
363	286
364	320
365	300
366	342
367	303
368	289
369	285
370	331
371	301
372	312
373	300
374	314
375	304
376	276
377	303
378	309
379	296
380	341
381	278
382	324
383	280
384	322
385	320
386	357
387	300
388	353
389	341
390	311
391	327
392	371
393	328
394	343
395	307
396	329
397	322
398	361
399	350
400	347
401	377
402	359
403	398
404	380
405	371
406	420
407	443
408	376
409	391
410	431
411	357
412	393
413	366
414	412
415	427
416	406
417	421
418	425
419	376
420	415
421	393
422	416
423	403
424	429
425	432
426	463
427	439
428	436
429	447
430	424
431	407
432	457
433	466
434	481
435	403
436	461
437	458
438	416
439	466
440	474
441	444
442	448
443	438
444	465
445	463
446	434
447	443
448	457
449	458
450	476
451	448
452	485
453	467
454	415
455	453
456	432
457	464
458	509
459	527
460	531
461	502
462	499
463	536
464	591
465	556
466	529
467	530
468	582
469	552
470	565
471	564
472	621
473	658
474	607
475	663
476	635
477	722
478	744
479	740
480	716
481	778
482	760
483	794
484	788
485	816
486	872
487	874
488	894
489	853
490	913
491	1010
492	1003
493	1059
494	1070
495	1026
496	1027
497	1072
498	1068
499	1139
500	1124
501	1225
502	1238
503	1199
504	1249
505	1271
506	1301
507	1258
508	1385
509	1367
510	1372
511	1390
512	1391
513	1387
514	1544
515	1419
516	1537
517	1543
518	1525
519	1548
520	1483
521	1598
522	1600
523	1571
524	1611
525	1491
526	1592
527	1543
528	1575
529	1575
530	1543
531	1619
532	1585
533	1658
534	1660
535	1595
536	1627
537	1577
538	1544
539	1566
540	1534
541	1510
542	1553
543	1459
544	1440
545	1471
546	1412
547	1399
548	1445
549	1301
550	1385
551	1343
552	1251
553	1198
554	1181
555	1257
556	1155
557	1175
558	1083
559	1105
560	1101
561	1042
562	1003
563	976
564	1007
565	917
566	911
567	881
568	829
569	826
570	769
571	786
572	731
573	664
574	694
575	633
576	654
577	607
578	576
579	621
580	529
581	558
582	505
583	470
584	435
585	447
586	399
587	394
588	419
589	397
590	372
591	325
592	324
593	307
594	291
595	298
596	268
597	265
598	262
599	238
600	266
601	218
602	218
603	197
604	212
605	183
606	188
607	174
608	170
609	145
610	166
611	124
612	170
613	134
614	141
615	161
616	150
617	139
618	120
619	113
620	126
621	139
622	124
623	134
624	115
625	116
626	110
627	126
628	107
629	110
630	110
631	104
632	98
633	109
634	103
635	104
636	92
637	85
638	108
639	84
640	95
641	100
642	99
643	91
644	92
645	119
646	106
647	82
648	102
649	97
650	103
651	83
652	81
653	102
654	116
655	104
656	123
657	94
658	97
659	106
660	99
661	110
662	115
663	117
664	106
665	94
666	118
667	103
668	113
669	116
670	116
671	123
672	98
673	92
674	99
675	107
676	112
677	140
678	137
679	122
680	109
681	115
682	112
683	119
684	114
685	138
686	143
687	115
688	129
689	139
690	148
691	164
692	111
693	139
694	131
695	130
696	142
697	155
698	188
699	137
700	157
701	124
702	133
703	158
704	160
705	163
706	158
707	148
708	187
709	159
710	135
711	172
712	158
713	149
714	180
715	178
716	171
717	166
718	178
719	175
720	174
721	167
722	187
723	177
724	211
725	171
726	174
727	167
728	167
729	178
730	181
731	197
732	182
733	196
734	173
735	202
736	188
737	186
738	195
739	156
740	180
741	181
742	167
743	186
744	182
745	169
746	199
747	183
748	166
749	189
750	160
751	197
752	188
753	165
754	163
755	207
756	169
757	165
758	165
759	162
760	174
761	167
762	171
763	166
764	156
765	173
766	156
767	148
768	152
769	173
770	180
771	144
772	141
773	148
774	136
775	153
776	131
777	151
778	133
779	150
780	142
781	124
782	139
783	162
784	159
785	133
786	135
787	101
788	122
789	134
790	122
791	111
792	129
793	122
794	125
795	111
796	142
797	103
798	116
799	103
800	122
801	112
802	116
803	94
804	105
805	114
806	114
807	93
808	108
809	93
810	93
811	102
812	102
813	86
814	111
815	97
816	91
817	87
818	92
819	91
820	95
821	74
822	103
823	88
824	98
825	109
826	96
827	92
828	98
829	93
830	83
831	87
832	89
833	113
834	79
835	96
836	98
837	96
838	75
839	92
840	94
841	100
842	92
843	92
844	104
845	88
846	82
847	82
848	99
849	100
850	79
851	108
852	100
853	101
854	92
855	90
856	106
857	98
858	105
859	88
860	94
861	104
862	102
863	104
864	112
865	102
866	108
867	95
868	105
869	91
870	109
871	105
872	84
873	96
874	98
875	106
876	98
877	96
878	92
879	102
880	106
881	93
882	97
883	93
884	108
885	97
886	88
887	109
888	119
889	104
890	103
891	107
892	106
893	106
894	107
895	131
896	114
897	115
898	107
899	113
900	111
901	110
902	103
903	128
904	112
905	130
906	91
907	115
908	132
909	119
910	115
911	112
912	121
913	127
914	115
915	130
916	106
917	109
918	124
919	105
920	143
921	98
922	107
923	100
924	119
925	127
926	125
927	116
928	137
929	116
930	140
931	115
932	117
933	138
934	137
935	131
936	131
937	125
938	133
939	151
940	125
941	117
942	125
943	121
944	141
945	142
946	150
947	143
948	126
949	132
950	130
951	129
952	111
953	131
954	124
955	132
956	133
957	127
958	148
959	120
960	131
961	162
962	126
963	151
964	124
965	119
966	150
967	145
968	130
969	138
970	107
971	142
972	125
973	126
974	117
975	139
976	133
977	136
978	117
979	145
980	130
981	125
982	135
983	122
984	143
985	136
986	125
987	137
988	161
989	137
990	155
991	148
992	117
993	124
994	153
995	120
996	167
997	129
998	128
999	132
1000	134
1001	132
1002	164
1003	116
1004	153
1005	153
1006	126
1007	136
1008	147
1009	152
1010	131
1011	128
1012	60
1013	0
1014	0
1015	0
1016	0
1017	0
1018	0
1019	0
1020	0
1021	0
1022	0
1023	0
