Spectrum Name:	
Description:	
Student ID:	
Detector Used:	
Comments:	
Acquisition Mode:	PHA
High Voltage:	700
Conversion Gain:	1024
Course Gain:	4
Fine Gain:	1.3
ULD:	99.9%
LLD:	2.9%
Calibration Coefficients:
Channels used to calibrate:
Energies used to calibrate:
Real Time Elapsed:	298.65
Live Time Elapsed:	297.76
Start Time:	12/04/2021 14:10:24
Stop Time:	12/04/2021 14:09:46

ROIs:
Number	Low	High	Gross	Net	FWHM	Centroid

Data:
0	0
1	0
2	0
3	0
4	0
5	0
6	0
7	0
8	0
9	0
10	0
11	0
12	0
13	0
14	0
15	0
16	0
17	0
18	0
19	0
20	0
21	0
22	0
23	0
24	0
25	0
26	0
27	0
28	0
29	0
30	0
31	0
32	0
33	0
34	30
35	59
36	50
37	19
38	17
39	13
40	20
41	21
42	20
43	18
44	13
45	14
46	16
47	12
48	12
49	14
50	13
51	16
52	8
53	8
54	9
55	7
56	11
57	6
58	7
59	13
60	16
61	15
62	14
63	11
64	8
65	14
66	18
67	14
68	17
69	6
70	11
71	16
72	15
73	9
74	14
75	10
76	8
77	9
78	13
79	14
80	16
81	14
82	12
83	16
84	12
85	15
86	14
87	17
88	13
89	15
90	26
91	19
92	8
93	16
94	25
95	35
96	23
97	24
98	28
99	35
100	41
101	45
102	50
103	56
104	58
105	59
106	64
107	79
108	78
109	89
110	124
111	143
112	159
113	172
114	214
115	224
116	268
117	280
118	349
119	373
120	398
121	484
122	546
123	609
124	658
125	685
126	886
127	904
128	970
129	1054
130	1237
131	1366
132	1384
133	1530
134	1745
135	1785
136	1983
137	2100
138	2285
139	2342
140	2488
141	2612
142	2777
143	2788
144	3050
145	3227
146	3352
147	3350
148	3435
149	3560
150	3760
151	3762
152	3840
153	4001
154	4060
155	4077
156	4130
157	4210
158	4067
159	4089
160	4102
161	4105
162	4184
163	3952
164	3883
165	3926
166	3757
167	3776
168	3597
169	3512
170	3414
171	3304
172	3228
173	3058
174	3096
175	2918
176	2741
177	2654
178	2655
179	2451
180	2309
181	2207
182	2077
183	1920
184	1915
185	1813
186	1717
187	1552
188	1488
189	1390
190	1313
191	1217
192	1161
193	1119
194	1028
195	898
196	845
197	759
198	715
199	672
200	608
201	601
202	525
203	515
204	452
205	381
206	347
207	335
208	298
209	309
210	269
211	239
212	202
213	173
214	195
215	168
216	155
217	118
218	107
219	99
220	101
221	84
222	72
223	83
224	70
225	48
226	44
227	43
228	36
229	34
230	34
231	32
232	33
233	22
234	15
235	27
236	19
237	9
238	9
239	16
240	24
241	12
242	11
243	10
244	13
245	13
246	12
247	12
248	7
249	14
250	11
251	3
252	6
253	6
254	10
255	12
256	8
257	5
258	4
259	7
260	13
261	11
262	12
263	10
264	4
265	7
266	14
267	7
268	6
269	12
270	9
271	3
272	8
273	7
274	8
275	5
276	6
277	10
278	7
279	12
280	7
281	7
282	8
283	6
284	10
285	3
286	6
287	8
288	4
289	10
290	12
291	8
292	5
293	13
294	8
295	7
296	8
297	10
298	10
299	11
300	6
301	10
302	14
303	8
304	11
305	10
306	13
307	9
308	10
309	11
310	7
311	13
312	11
313	12
314	7
315	11
316	10
317	14
318	10
319	5
320	8
321	16
322	9
323	9
324	13
325	11
326	11
327	10
328	5
329	13
330	12
331	7
332	6
333	10
334	17
335	12
336	16
337	10
338	16
339	14
340	11
341	13
342	12
343	11
344	11
345	12
346	16
347	14
348	11
349	13
350	12
351	23
352	15
353	13
354	19
355	9
356	13
357	12
358	16
359	9
360	10
361	13
362	20
363	14
364	15
365	20
366	16
367	15
368	18
369	22
370	19
371	20
372	17
373	19
374	18
375	19
376	21
377	10
378	18
379	15
380	22
381	15
382	14
383	13
384	22
385	23
386	17
387	21
388	12
389	15
390	19
391	21
392	20
393	19
394	11
395	18
396	20
397	16
398	20
399	26
400	21
401	16
402	18
403	28
404	28
405	19
406	17
407	21
408	14
409	23
410	21
411	15
412	18
413	18
414	19
415	16
416	26
417	18
418	16
419	26
420	21
421	14
422	17
423	21
424	13
425	22
426	19
427	22
428	18
429	16
430	13
431	14
432	19
433	25
434	17
435	18
436	11
437	17
438	17
439	21
440	17
441	20
442	17
443	16
444	18
445	21
446	18
447	18
448	16
449	23
450	18
451	27
452	25
453	25
454	20
455	23
456	29
457	19
458	23
459	25
460	26
461	17
462	17
463	25
464	38
465	24
466	29
467	27
468	18
469	19
470	23
471	18
472	21
473	20
474	31
475	27
476	22
477	30
478	29
479	26
480	28
481	20
482	40
483	29
484	32
485	29
486	31
487	28
488	34
489	22
490	32
491	30
492	40
493	23
494	30
495	25
496	35
497	25
498	30
499	32
500	29
501	29
502	29
503	31
504	34
505	31
506	43
507	25
508	23
509	35
510	40
511	37
512	37
513	35
514	43
515	43
516	41
517	38
518	38
519	36
520	40
521	50
522	42
523	42
524	40
525	43
526	51
527	45
528	42
529	51
530	53
531	42
532	56
533	41
534	51
535	42
536	56
537	48
538	29
539	53
540	52
541	59
542	58
543	68
544	54
545	64
546	52
547	60
548	65
549	68
550	65
551	88
552	60
553	63
554	86
555	81
556	73
557	91
558	82
559	87
560	108
561	75
562	82
563	96
564	75
565	88
566	82
567	93
568	105
569	85
570	100
571	94
572	103
573	96
574	123
575	101
576	92
577	106
578	110
579	96
580	102
581	105
582	115
583	103
584	115
585	103
586	109
587	105
588	108
589	113
590	98
591	114
592	111
593	113
594	103
595	114
596	130
597	101
598	113
599	115
600	103
601	100
602	96
603	112
604	96
605	102
606	128
607	102
608	92
609	103
610	100
611	93
612	93
613	85
614	87
615	83
616	96
617	85
618	96
619	96
620	97
621	91
622	82
623	89
624	77
625	84
626	96
627	58
628	69
629	58
630	61
631	62
632	81
633	57
634	60
635	60
636	61
637	59
638	57
639	62
640	38
641	29
642	44
643	44
644	44
645	36
646	27
647	33
648	45
649	48
650	33
651	29
652	27
653	30
654	42
655	30
656	25
657	31
658	27
659	21
660	31
661	26
662	18
663	24
664	24
665	23
666	20
667	15
668	22
669	27
670	15
671	10
672	11
673	13
674	12
675	16
676	15
677	12
678	8
679	18
680	17
681	9
682	18
683	19
684	16
685	17
686	13
687	9
688	12
689	9
690	6
691	17
692	6
693	16
694	18
695	11
696	13
697	10
698	17
699	9
700	6
701	13
702	10
703	4
704	8
705	10
706	9
707	14
708	9
709	10
710	16
711	14
712	7
713	11
714	8
715	10
716	16
717	17
718	11
719	16
720	5
721	13
722	7
723	19
724	11
725	12
726	9
727	10
728	13
729	13
730	10
731	18
732	12
733	14
734	12
735	11
736	10
737	15
738	8
739	16
740	13
741	9
742	15
743	4
744	9
745	12
746	11
747	10
748	10
749	17
750	8
751	7
752	13
753	12
754	16
755	9
756	10
757	7
758	10
759	7
760	9
761	18
762	10
763	12
764	12
765	15
766	10
767	11
768	16
769	12
770	14
771	10
772	10
773	13
774	11
775	12
776	7
777	10
778	12
779	17
780	16
781	11
782	11
783	15
784	5
785	19
786	13
787	10
788	8
789	12
790	10
791	6
792	13
793	11
794	11
795	13
796	13
797	16
798	10
799	11
800	8
801	8
802	11
803	14
804	11
805	16
806	15
807	11
808	11
809	5
810	13
811	10
812	9
813	11
814	10
815	12
816	5
817	10
818	10
819	11
820	16
821	9
822	8
823	16
824	8
825	11
826	12
827	8
828	18
829	10
830	7
831	6
832	8
833	8
834	7
835	10
836	12
837	7
838	8
839	10
840	15
841	10
842	6
843	18
844	11
845	8
846	10
847	16
848	8
849	8
850	9
851	9
852	15
853	4
854	4
855	8
856	8
857	9
858	6
859	11
860	6
861	9
862	8
863	10
864	5
865	10
866	13
867	13
868	8
869	10
870	8
871	13
872	12
873	11
874	6
875	19
876	13
877	9
878	8
879	13
880	12
881	8
882	6
883	9
884	8
885	13
886	8
887	7
888	5
889	7
890	12
891	4
892	12
893	8
894	10
895	16
896	7
897	9
898	6
899	11
900	11
901	10
902	7
903	15
904	5
905	13
906	6
907	7
908	9
909	17
910	13
911	15
912	12
913	10
914	9
915	12
916	14
917	10
918	9
919	11
920	4
921	10
922	12
923	8
924	7
925	9
926	12
927	11
928	9
929	16
930	12
931	7
932	6
933	8
934	8
935	5
936	11
937	9
938	13
939	9
940	9
941	7
942	11
943	19
944	13
945	7
946	10
947	10
948	12
949	9
950	14
951	5
952	11
953	13
954	15
955	9
956	7
957	10
958	14
959	6
960	7
961	6
962	9
963	7
964	8
965	7
966	2
967	13
968	11
969	10
970	14
971	14
972	16
973	7
974	5
975	9
976	8
977	10
978	7
979	3
980	10
981	17
982	4
983	12
984	6
985	6
986	4
987	7
988	7
989	8
990	9
991	10
992	12
993	7
994	12
995	14
996	7
997	10
998	6
999	8
1000	7
1001	6
1002	10
1003	12
1004	8
1005	9
1006	12
1007	6
1008	7
1009	10
1010	13
1011	7
1012	1
1013	0
1014	0
1015	0
1016	0
1017	0
1018	0
1019	0
1020	0
1021	0
1022	0
1023	0
