Spectrum Name:	
Description:	
Student ID:	
Detector Used:	
Comments:	
Acquisition Mode:	PHA
High Voltage:	700
Conversion Gain:	1024
Course Gain:	4
Fine Gain:	1.3
ULD:	99.9%
LLD:	2.9%
Calibration Coefficients:
Channels used to calibrate:
Energies used to calibrate:
Real Time Elapsed:	734.4
Live Time Elapsed:	730.5
Start Time:	12/04/2021 14:17:32
Stop Time:	12/04/2021 14:29:44

ROIs:
Number	Low	High	Gross	Net	FWHM	Centroid

Data:
0	0
1	0
2	0
3	0
4	0
5	0
6	0
7	0
8	0
9	0
10	0
11	0
12	0
13	0
14	0
15	0
16	0
17	0
18	0
19	0
20	0
21	0
22	0
23	0
24	0
25	0
26	0
27	0
28	0
29	0
30	0
31	0
32	0
33	0
34	4
35	23
36	19
37	17
38	23
39	16
40	8
41	16
42	22
43	17
44	16
45	18
46	21
47	18
48	13
49	15
50	21
51	17
52	20
53	17
54	19
55	18
56	27
57	17
58	18
59	21
60	18
61	26
62	18
63	23
64	29
65	17
66	30
67	27
68	32
69	34
70	26
71	37
72	34
73	28
74	37
75	63
76	46
77	41
78	64
79	48
80	69
81	63
82	86
83	83
84	65
85	87
86	123
87	101
88	121
89	110
90	126
91	120
92	150
93	122
94	152
95	156
96	159
97	151
98	147
99	157
100	168
101	146
102	162
103	159
104	164
105	164
106	147
107	133
108	140
109	161
110	155
111	130
112	117
113	114
114	113
115	140
116	114
117	111
118	91
119	109
120	80
121	84
122	93
123	82
124	62
125	68
126	44
127	57
128	57
129	61
130	46
131	49
132	43
133	45
134	52
135	41
136	29
137	28
138	37
139	25
140	33
141	32
142	23
143	32
144	24
145	29
146	22
147	24
148	22
149	28
150	30
151	27
152	29
153	29
154	32
155	34
156	27
157	21
158	23
159	28
160	29
161	23
162	32
163	31
164	38
165	34
166	32
167	31
168	23
169	33
170	31
171	25
172	22
173	21
174	30
175	25
176	23
177	29
178	36
179	39
180	36
181	39
182	35
183	36
184	31
185	33
186	34
187	36
188	42
189	35
190	38
191	46
192	40
193	42
194	40
195	39
196	41
197	30
198	30
199	39
200	45
201	34
202	44
203	35
204	41
205	43
206	45
207	29
208	39
209	51
210	39
211	34
212	57
213	33
214	27
215	37
216	44
217	55
218	54
219	49
220	35
221	47
222	52
223	31
224	37
225	42
226	37
227	40
228	41
229	28
230	35
231	38
232	40
233	54
234	41
235	47
236	37
237	43
238	47
239	31
240	40
241	35
242	42
243	47
244	43
245	38
246	34
247	52
248	39
249	39
250	49
251	50
252	40
253	33
254	49
255	32
256	48
257	37
258	31
259	34
260	42
261	35
262	45
263	38
264	41
265	37
266	39
267	31
268	46
269	46
270	44
271	36
272	41
273	40
274	33
275	32
276	41
277	27
278	38
279	36
280	47
281	44
282	45
283	33
284	42
285	33
286	34
287	44
288	35
289	35
290	43
291	39
292	42
293	43
294	33
295	40
296	43
297	35
298	41
299	46
300	35
301	35
302	37
303	33
304	43
305	36
306	51
307	35
308	27
309	35
310	37
311	35
312	47
313	37
314	41
315	32
316	34
317	47
318	41
319	41
320	37
321	48
322	40
323	35
324	40
325	36
326	33
327	28
328	41
329	39
330	37
331	42
332	34
333	48
334	39
335	44
336	34
337	45
338	43
339	35
340	39
341	36
342	38
343	37
344	31
345	39
346	39
347	34
348	37
349	45
350	36
351	39
352	37
353	36
354	39
355	30
356	44
357	41
358	34
359	45
360	36
361	33
362	40
363	39
364	43
365	46
366	47
367	39
368	51
369	44
370	51
371	31
372	49
373	32
374	41
375	28
376	46
377	34
378	41
379	54
380	47
381	51
382	34
383	42
384	33
385	58
386	46
387	43
388	58
389	45
390	43
391	43
392	51
393	44
394	55
395	38
396	44
397	33
398	38
399	55
400	56
401	48
402	38
403	41
404	62
405	45
406	47
407	49
408	50
409	55
410	66
411	51
412	40
413	52
414	54
415	41
416	60
417	54
418	57
419	54
420	53
421	48
422	51
423	61
424	55
425	62
426	50
427	67
428	41
429	45
430	61
431	54
432	50
433	55
434	63
435	70
436	63
437	61
438	69
439	56
440	65
441	76
442	86
443	60
444	88
445	56
446	85
447	86
448	91
449	94
450	82
451	89
452	71
453	112
454	104
455	91
456	100
457	104
458	84
459	103
460	102
461	87
462	100
463	105
464	98
465	113
466	103
467	127
468	147
469	122
470	136
471	137
472	135
473	131
474	133
475	150
476	139
477	139
478	164
479	154
480	146
481	169
482	147
483	142
484	178
485	152
486	146
487	141
488	188
489	178
490	162
491	176
492	176
493	177
494	185
495	178
496	205
497	185
498	200
499	191
500	194
501	201
502	209
503	213
504	179
505	207
506	206
507	231
508	198
509	177
510	198
511	200
512	221
513	184
514	201
515	194
516	219
517	237
518	200
519	204
520	217
521	243
522	225
523	224
524	263
525	222
526	233
527	221
528	221
529	213
530	222
531	261
532	228
533	231
534	244
535	216
536	262
537	232
538	219
539	241
540	226
541	251
542	263
543	284
544	235
545	266
546	285
547	245
548	254
549	282
550	296
551	303
552	284
553	272
554	292
555	278
556	273
557	302
558	315
559	274
560	323
561	303
562	312
563	265
564	284
565	307
566	345
567	335
568	320
569	341
570	310
571	335
572	332
573	342
574	316
575	346
576	312
577	298
578	320
579	298
580	312
581	312
582	323
583	322
584	319
585	308
586	320
587	313
588	348
589	310
590	338
591	315
592	349
593	319
594	338
595	355
596	315
597	346
598	320
599	324
600	317
601	340
602	323
603	305
604	299
605	302
606	286
607	296
608	343
609	311
610	291
611	323
612	299
613	292
614	282
615	296
616	271
617	292
618	293
619	255
620	286
621	270
622	276
623	279
624	261
625	271
626	269
627	269
628	240
629	278
630	263
631	259
632	241
633	276
634	233
635	235
636	269
637	230
638	261
639	262
640	248
641	209
642	238
643	218
644	227
645	216
646	209
647	241
648	218
649	221
650	233
651	208
652	206
653	218
654	222
655	248
656	196
657	213
658	229
659	203
660	193
661	224
662	224
663	220
664	255
665	216
666	227
667	219
668	258
669	226
670	211
671	234
672	229
673	252
674	216
675	212
676	219
677	242
678	234
679	252
680	256
681	260
682	279
683	265
684	278
685	268
686	282
687	260
688	289
689	294
690	303
691	314
692	301
693	306
694	324
695	351
696	360
697	358
698	383
699	364
700	373
701	395
702	387
703	399
704	461
705	457
706	490
707	476
708	485
709	491
710	497
711	526
712	550
713	586
714	589
715	628
716	596
717	628
718	657
719	690
720	720
721	746
722	720
723	739
724	837
725	785
726	821
727	915
728	926
729	941
730	924
731	936
732	1016
733	974
734	1059
735	1013
736	1115
737	1089
738	1126
739	1125
740	1174
741	1255
742	1318
743	1292
744	1287
745	1366
746	1422
747	1355
748	1429
749	1475
750	1487
751	1519
752	1575
753	1601
754	1636
755	1607
756	1677
757	1643
758	1697
759	1712
760	1792
761	1810
762	1880
763	1831
764	1877
765	1816
766	1982
767	1864
768	1961
769	1951
770	2082
771	1961
772	2022
773	1989
774	2073
775	2084
776	2171
777	2120
778	2142
779	2160
780	2138
781	2076
782	2214
783	2118
784	2244
785	2114
786	2240
787	2173
788	2142
789	2091
790	2207
791	2199
792	2171
793	1998
794	2150
795	2089
796	2109
797	2065
798	2118
799	2038
800	2078
801	2037
802	1974
803	1995
804	1930
805	1933
806	1834
807	1845
808	1878
809	1867
810	1878
811	1819
812	1809
813	1738
814	1808
815	1752
816	1721
817	1587
818	1600
819	1633
820	1579
821	1598
822	1570
823	1556
824	1463
825	1416
826	1465
827	1415
828	1313
829	1359
830	1329
831	1324
832	1206
833	1252
834	1184
835	1146
836	1184
837	1109
838	1150
839	1120
840	1045
841	999
842	1047
843	977
844	953
845	903
846	911
847	906
848	882
849	817
850	862
851	802
852	750
853	733
854	778
855	730
856	762
857	691
858	681
859	673
860	667
861	648
862	647
863	658
864	595
865	562
866	571
867	530
868	518
869	508
870	530
871	517
872	510
873	473
874	470
875	431
876	387
877	451
878	434
879	382
880	399
881	401
882	383
883	387
884	351
885	364
886	380
887	343
888	322
889	344
890	283
891	304
892	270
893	276
894	267
895	282
896	217
897	251
898	237
899	235
900	248
901	250
902	234
903	219
904	236
905	224
906	215
907	203
908	204
909	175
910	189
911	164
912	170
913	181
914	157
915	160
916	181
917	175
918	168
919	170
920	163
921	141
922	151
923	127
924	132
925	135
926	117
927	108
928	112
929	123
930	121
931	117
932	104
933	99
934	92
935	103
936	88
937	86
938	82
939	69
940	73
941	74
942	78
943	72
944	76
945	72
946	65
947	67
948	59
949	65
950	60
951	52
952	54
953	52
954	40
955	40
956	45
957	45
958	33
959	38
960	38
961	28
962	42
963	26
964	50
965	42
966	35
967	31
968	37
969	40
970	27
971	34
972	31
973	35
974	28
975	35
976	26
977	28
978	24
979	24
980	23
981	19
982	22
983	19
984	25
985	10
986	23
987	17
988	18
989	20
990	14
991	20
992	22
993	11
994	19
995	20
996	6
997	20
998	15
999	12
1000	10
1001	20
1002	19
1003	21
1004	11
1005	19
1006	14
1007	17
1008	15
1009	7
1010	12
1011	11
1012	3
1013	0
1014	0
1015	0
1016	0
1017	0
1018	0
1019	0
1020	0
1021	0
1022	0
1023	0
