Spectrum Name:	
Description:	
Student ID:	
Detector Used:	
Comments:	
Acquisition Mode:	PHA
High Voltage:	700
Conversion Gain:	1024
Course Gain:	4
Fine Gain:	1.3
ULD:	99.9%
LLD:	2.9%
Calibration Coefficients:	5.73742	0.0973747	7.0843e-05
Channels used to calibrate:	186	591	767
Energies used to calibrate:	26.3	88.03	122.1
Real Time Elapsed:	502.98
Live Time Elapsed:	491.21
Start Time:	12/04/2021 15:30:25
Stop Time:	12/04/2021 15:38:47

ROIs:
Number	Low	High	Gross	Net	FWHM	Centroid

Data:
0	0
1	0
2	0
3	0
4	0
5	0
6	0
7	0
8	0
9	0
10	0
11	0
12	0
13	0
14	0
15	0
16	0
17	0
18	0
19	0
20	0
21	0
22	0
23	0
24	0
25	0
26	0
27	0
28	0
29	0
30	0
31	0
32	0
33	6
34	279
35	560
36	601
37	597
38	576
39	630
40	675
41	603
42	649
43	631
44	628
45	691
46	700
47	689
48	651
49	649
50	671
51	644
52	658
53	595
54	616
55	605
56	639
57	551
58	609
59	590
60	540
61	555
62	524
63	514
64	525
65	459
66	449
67	466
68	461
69	417
70	455
71	445
72	430
73	449
74	449
75	423
76	403
77	407
78	407
79	435
80	409
81	401
82	443
83	433
84	414
85	418
86	445
87	398
88	422
89	409
90	440
91	389
92	447
93	429
94	455
95	442
96	445
97	423
98	418
99	434
100	446
101	429
102	424
103	432
104	453
105	455
106	467
107	422
108	446
109	439
110	487
111	489
112	458
113	501
114	458
115	452
116	496
117	422
118	459
119	446
120	487
121	463
122	492
123	471
124	458
125	456
126	453
127	483
128	482
129	492
130	480
131	485
132	500
133	465
134	499
135	496
136	519
137	528
138	531
139	498
140	488
141	526
142	498
143	516
144	555
145	484
146	495
147	518
148	538
149	547
150	561
151	620
152	586
153	529
154	578
155	587
156	643
157	675
158	700
159	686
160	726
161	675
162	716
163	749
164	750
165	841
166	897
167	834
168	930
169	974
170	1039
171	981
172	1072
173	1150
174	1215
175	1241
176	1307
177	1393
178	1484
179	1594
180	1636
181	1685
182	1775
183	2022
184	1918
185	2118
186	2171
187	2338
188	2433
189	2558
190	2733
191	2800
192	2993
193	3067
194	3197
195	3244
196	3378
197	3570
198	3712
199	3729
200	3808
201	3975
202	4150
203	4083
204	4210
205	4248
206	4455
207	4382
208	4415
209	4574
210	4613
211	4426
212	4580
213	4654
214	4625
215	4521
216	4629
217	4631
218	4641
219	4578
220	4446
221	4498
222	4362
223	4374
224	4247
225	4232
226	4245
227	3945
228	4067
229	3902
230	3840
231	3670
232	3608
233	3424
234	3330
235	3303
236	3136
237	3152
238	2965
239	2886
240	2816
241	2589
242	2564
243	2415
244	2504
245	2355
246	2361
247	2140
248	2121
249	1906
250	2046
251	1788
252	1798
253	1683
254	1686
255	1618
256	1620
257	1501
258	1459
259	1412
260	1357
261	1293
262	1288
263	1251
264	1190
265	1124
266	1131
267	1004
268	1043
269	976
270	976
271	958
272	890
273	883
274	826
275	802
276	821
277	841
278	770
279	753
280	813
281	673
282	695
283	655
284	668
285	694
286	651
287	641
288	607
289	572
290	601
291	610
292	582
293	587
294	610
295	577
296	588
297	518
298	527
299	541
300	543
301	560
302	592
303	489
304	545
305	509
306	537
307	500
308	564
309	517
310	550
311	535
312	545
313	525
314	553
315	483
316	559
317	546
318	510
319	486
320	493
321	524
322	458
323	477
324	508
325	490
326	489
327	500
328	484
329	449
330	433
331	452
332	468
333	502
334	482
335	436
336	460
337	503
338	489
339	479
340	520
341	520
342	471
343	476
344	482
345	462
346	505
347	504
348	457
349	507
350	511
351	488
352	457
353	488
354	505
355	492
356	516
357	525
358	471
359	433
360	500
361	494
362	482
363	487
364	444
365	464
366	459
367	465
368	487
369	498
370	472
371	465
372	450
373	459
374	462
375	484
376	478
377	479
378	494
379	469
380	490
381	457
382	485
383	458
384	480
385	430
386	494
387	458
388	484
389	501
390	453
391	475
392	471
393	491
394	485
395	519
396	484
397	486
398	494
399	451
400	512
401	507
402	481
403	485
404	527
405	504
406	480
407	488
408	503
409	527
410	507
411	507
412	515
413	478
414	528
415	488
416	530
417	523
418	494
419	507
420	555
421	548
422	544
423	527
424	543
425	523
426	535
427	546
428	509
429	549
430	567
431	547
432	567
433	547
434	566
435	570
436	528
437	559
438	609
439	600
440	560
441	560
442	595
443	612
444	632
445	605
446	613
447	570
448	599
449	632
450	633
451	628
452	645
453	620
454	645
455	669
456	695
457	710
458	714
459	648
460	692
461	686
462	737
463	705
464	704
465	726
466	696
467	686
468	754
469	706
470	704
471	743
472	760
473	726
474	804
475	780
476	768
477	748
478	790
479	718
480	765
481	775
482	748
483	766
484	757
485	784
486	789
487	764
488	774
489	791
490	764
491	753
492	710
493	793
494	751
495	752
496	775
497	767
498	742
499	721
500	743
501	750
502	765
503	793
504	789
505	765
506	733
507	767
508	720
509	757
510	723
511	703
512	725
513	756
514	720
515	673
516	748
517	747
518	687
519	698
520	681
521	664
522	719
523	654
524	672
525	712
526	666
527	646
528	719
529	676
530	710
531	618
532	675
533	621
534	683
535	629
536	674
537	658
538	656
539	647
540	611
541	655
542	609
543	649
544	665
545	633
546	613
547	626
548	571
549	614
550	595
551	620
552	607
553	619
554	620
555	573
556	562
557	603
558	554
559	592
560	568
561	611
562	570
563	599
564	565
565	542
566	596
567	562
568	540
569	577
570	526
571	562
572	575
573	580
574	554
575	562
576	507
577	582
578	594
579	502
580	531
581	503
582	529
583	532
584	563
585	549
586	540
587	516
588	509
589	521
590	513
591	514
592	521
593	469
594	489
595	479
596	509
597	491
598	503
599	549
600	469
601	454
602	451
603	482
604	487
605	460
606	464
607	452
608	516
609	464
610	498
611	439
612	468
613	426
614	494
615	446
616	444
617	461
618	452
619	487
620	464
621	494
622	447
623	412
624	466
625	499
626	484
627	458
628	448
629	461
630	521
631	437
632	467
633	431
634	440
635	446
636	493
637	457
638	488
639	425
640	460
641	442
642	474
643	445
644	485
645	430
646	462
647	457
648	463
649	442
650	473
651	429
652	451
653	440
654	483
655	463
656	463
657	463
658	497
659	437
660	461
661	461
662	485
663	480
664	466
665	485
666	464
667	471
668	475
669	460
670	464
671	466
672	480
673	466
674	464
675	477
676	486
677	470
678	461
679	460
680	499
681	460
682	489
683	491
684	483
685	463
686	460
687	432
688	460
689	470
690	432
691	507
692	476
693	440
694	448
695	429
696	484
697	470
698	453
699	489
700	482
701	474
702	463
703	457
704	454
705	476
706	474
707	481
708	465
709	467
710	443
711	466
712	481
713	452
714	507
715	477
716	487
717	465
718	494
719	477
720	531
721	483
722	483
723	487
724	480
725	465
726	508
727	433
728	466
729	481
730	477
731	449
732	443
733	496
734	461
735	494
736	473
737	473
738	499
739	492
740	491
741	484
742	483
743	481
744	460
745	497
746	465
747	476
748	468
749	494
750	521
751	484
752	481
753	500
754	523
755	485
756	479
757	480
758	523
759	534
760	449
761	471
762	508
763	499
764	464
765	490
766	531
767	489
768	533
769	469
770	496
771	472
772	494
773	498
774	512
775	530
776	486
777	498
778	472
779	483
780	475
781	496
782	512
783	505
784	493
785	469
786	474
787	472
788	513
789	493
790	494
791	506
792	475
793	522
794	518
795	505
796	479
797	476
798	495
799	493
800	462
801	487
802	486
803	514
804	520
805	496
806	469
807	468
808	488
809	474
810	466
811	527
812	444
813	498
814	494
815	511
816	500
817	486
818	503
819	493
820	541
821	500
822	481
823	481
824	529
825	510
826	532
827	492
828	504
829	488
830	480
831	483
832	525
833	500
834	485
835	462
836	471
837	468
838	500
839	498
840	481
841	493
842	503
843	504
844	455
845	492
846	507
847	504
848	468
849	459
850	480
851	483
852	462
853	494
854	523
855	479
856	493
857	475
858	500
859	473
860	525
861	509
862	511
863	523
864	504
865	478
866	495
867	501
868	518
869	493
870	472
871	533
872	515
873	520
874	529
875	495
876	528
877	503
878	483
879	460
880	491
881	499
882	464
883	501
884	515
885	475
886	505
887	533
888	478
889	462
890	533
891	464
892	448
893	499
894	501
895	484
896	515
897	490
898	513
899	508
900	479
901	520
902	511
903	507
904	493
905	488
906	489
907	520
908	485
909	465
910	474
911	512
912	506
913	516
914	516
915	499
916	478
917	493
918	534
919	513
920	521
921	528
922	492
923	452
924	469
925	457
926	550
927	469
928	488
929	504
930	496
931	504
932	489
933	487
934	471
935	474
936	485
937	462
938	510
939	497
940	486
941	484
942	516
943	475
944	491
945	493
946	537
947	508
948	503
949	497
950	553
951	501
952	532
953	488
954	502
955	511
956	530
957	531
958	488
959	513
960	512
961	513
962	538
963	488
964	511
965	445
966	495
967	504
968	519
969	513
970	505
971	542
972	524
973	551
974	516
975	497
976	471
977	500
978	527
979	506
980	538
981	496
982	526
983	492
984	503
985	512
986	511
987	513
988	499
989	500
990	530
991	477
992	542
993	521
994	500
995	516
996	533
997	508
998	519
999	539
1000	539
1001	528
1002	513
1003	525
1004	527
1005	529
1006	543
1007	478
1008	503
1009	536
1010	515
1011	530
1012	190
1013	1
1014	0
1015	0
1016	0
1017	0
1018	0
1019	0
1020	0
1021	0
1022	0
1023	0
